// Game: Qodot
// Format: Standard
// entity 0
{
"classname" "worldspawn"
"_tb_textures" "textures;textures/base;textures/layers;textures/materials;textures/orrery;textures/pbr;textures/pbr/military-panel;textures/shaders;textures/special"
"_tb_layer_locked" "1"
// brush 0
{
( 0 0 -16 ) ( 0 1 -16 ) ( 0 0 -15 ) __TB_empty 16 0 0 1 1
( 16 0 -16 ) ( 16 0 -15 ) ( 17 0 -16 ) __TB_empty 0 0 0 1 1
( 16 0 -16 ) ( 17 0 -16 ) ( 16 1 -16 ) __TB_empty 0 -16 0 1 1
( 96 96 0 ) ( 96 97 0 ) ( 97 96 0 ) __TB_empty 0 -16 0 1 1
( 96 96 0 ) ( 97 96 0 ) ( 96 96 1 ) __TB_empty 0 0 0 1 1
( 96 96 0 ) ( 96 96 1 ) ( 96 97 0 ) __TB_empty 16 0 0 1 1
}
}
// entity 1
{
"classname" "player"
"origin" "48 48 16"
}
// entity 2
{
"classname" "func_group"
"_tb_type" "_tb_group"
"_tb_name" "quarter_circle"
"_tb_id" "1"
// brush 0
{
( -240 0 -16 ) ( -240 1 -16 ) ( -240 0 -15 ) __TB_empty -16 0 0 1 1
( -80 0 -16 ) ( -80 0 -15 ) ( -79 0 -16 ) __TB_empty 0 0 0 1 1
( -80 0 -16 ) ( -79 0 -16 ) ( -80 1 -16 ) __TB_empty 0 16 0 1 1
( 0 96 0 ) ( 0 97 0 ) ( 1 96 0 ) __TB_empty 0 16 0 1 1
( -256 32 0 ) ( 0 0 0 ) ( 0 0 128 ) __TB_empty -16 0 0 1 1
}
// brush 1
{
( -240.47058823531063 28.117647058827661 0 ) ( -224.47058823531063 92.117647058827671 0 ) ( -224.47058823531063 92.117647058827671 128 ) __TB_empty -12.1176 0 0 1 1
( -256 32 0 ) ( 0 0 128 ) ( 0 0 0 ) __TB_empty 0 0 0 1 1
( -80 0 -16 ) ( -79 0 -16 ) ( -80 1 -16 ) __TB_empty 0 16 0 1 1
( 0 96 0 ) ( 0 97 0 ) ( 1 96 0 ) __TB_empty 0 16 0 1 1
( -240 96 0 ) ( 0 0 0 ) ( 0 0 128 ) __TB_empty -16 0 0 1 1
}
// brush 2
{
( -177.60000000000005 184.80000000000004 0 ) ( -241.60000000000005 56.800000000000018 128 ) ( -241.60000000000005 56.800000000000018 0 ) __TB_empty -8.8 0 0 1 1
( -240 96 0 ) ( 0 0 128 ) ( 0 0 0 ) __TB_empty 0 0 0 1 1
( -80 0 -16 ) ( -79 0 -16 ) ( -80 1 -16 ) __TB_empty 0 16 0 1 1
( 0 96 0 ) ( 0 97 0 ) ( 1 96 0 ) __TB_empty 0 16 0 1 1
( -208 160 0 ) ( 0 0 0 ) ( 0 0 128 ) __TB_empty -16 0 0 1 1
}
// brush 3
{
( -148.49999999999733 196.49999999999733 0 ) ( -196.49999999999733 148.49999999999733 128 ) ( -196.49999999999733 148.49999999999733 0 ) __TB_empty -4.5 0 0 1 1
( -208 160 0 ) ( 0 0 128 ) ( 0 0 0 ) __TB_empty 0 0 0 1 1
( -80 0 -16 ) ( -79 0 -16 ) ( -80 1 -16 ) __TB_empty 0 16 0 1 1
( 0 96 0 ) ( 0 97 0 ) ( 1 96 0 ) __TB_empty 0 16 0 1 1
( -160 208 0 ) ( 0 0 0 ) ( 0 0 128 ) __TB_empty -16 0 0 1 1
}
// brush 4
{
( -160 208 0 ) ( 0 0 128 ) ( 0 0 0 ) __TB_empty -16 0 0 1 1
( -56.799999999999393 241.59999999999877 0 ) ( -184.79999999999939 177.59999999999877 128 ) ( -184.79999999999939 177.59999999999877 0 ) __TB_empty -7.2 0 0 1 1
( -80 0 -16 ) ( -79 0 -16 ) ( -80 1 -16 ) __TB_empty 0 16 0 1 1
( 0 96 0 ) ( 0 97 0 ) ( 1 96 0 ) __TB_empty 0 16 0 1 1
( -96 240 0 ) ( 0 0 0 ) ( 0 0 128 ) __TB_empty -16 0 0 1 1
}
// brush 5
{
( -96 240 0 ) ( 0 0 128 ) ( 0 0 0 ) __TB_empty -16 0 0 1 1
( -28.117647058823565 240.47058823529426 0 ) ( -92.117647058823565 224.47058823529426 128 ) ( -92.117647058823565 224.47058823529426 0 ) __TB_empty -3.88235 0 0 1 1
( -80 0 -16 ) ( -79 0 -16 ) ( -80 1 -16 ) __TB_empty 0 16 0 1 1
( 0 96 0 ) ( 0 97 0 ) ( 1 96 0 ) __TB_empty 0 16 0 1 1
( -32 256 0 ) ( 0 0 0 ) ( 0 0 128 ) __TB_empty -16 0 0 1 1
}
// brush 6
{
( -32 256 0 ) ( 0 0 128 ) ( 0 0 0 ) __TB_empty -16 0 0 1 1
( -80 0 -16 ) ( -79 0 -16 ) ( -80 1 -16 ) __TB_empty 0 16 0 1 1
( 0 96 0 ) ( 0 97 0 ) ( 1 96 0 ) __TB_empty 0 16 0 1 1
( 0 240 0 ) ( 1 240 0 ) ( 0 240 1 ) __TB_empty 0 0 0 1 1
( 0 96 0 ) ( 0 96 1 ) ( 0 97 0 ) __TB_empty -16 0 0 1 1
}
// brush 7
{
( -32 256 0 ) ( 0 0 128 ) ( 0 0 0 ) __TB_empty -16 0 0 1 1
( 0 240 0 ) ( 0 240 1 ) ( 1 240 0 ) __TB_empty 0 0 0 1 1
( -80 0 -16 ) ( -79 0 -16 ) ( -80 1 -16 ) __TB_empty 0 16 0 1 1
( 0 96 0 ) ( 0 97 0 ) ( 1 96 0 ) __TB_empty 0 16 0 1 1
( 0 256 0 ) ( 1 256 0 ) ( 0 256 1 ) __TB_empty 0 0 0 1 1
( 0 96 0 ) ( 0 96 1 ) ( 0 97 0 ) __TB_empty -16 0 0 1 1
}
// brush 8
{
( -96 240 0 ) ( 0 0 128 ) ( 0 0 0 ) __TB_empty -16 0 0 1 1
( -32 256 0 ) ( -96 240 128 ) ( -96 240 0 ) __TB_empty 0 0 0 1 1
( -80 0 -16 ) ( -79 0 -16 ) ( -80 1 -16 ) __TB_empty 0 16 0 1 1
( 0 96 0 ) ( 0 97 0 ) ( 1 96 0 ) __TB_empty 0 16 0 1 1
( -28.117647058823565 240.47058823529426 0 ) ( -92.117647058823565 224.47058823529426 0 ) ( -92.117647058823565 224.47058823529426 128 ) __TB_empty -3.88235 0 0 1 1
( -32 256 0 ) ( 0 0 0 ) ( 0 0 128 ) __TB_empty -16 0 0 1 1
}
// brush 9
{
( -160 208 0 ) ( 0 0 128 ) ( 0 0 0 ) __TB_empty -16 0 0 1 1
( -64 256 0 ) ( -192 192 128 ) ( -192 192 0 ) __TB_empty 0 0 0 1 1
( -80 0 -16 ) ( -79 0 -16 ) ( -80 1 -16 ) __TB_empty 0 16 0 1 1
( 0 96 0 ) ( 0 97 0 ) ( 1 96 0 ) __TB_empty 0 16 0 1 1
( -56.799999999999393 241.59999999999877 0 ) ( -184.79999999999939 177.59999999999877 0 ) ( -184.79999999999939 177.59999999999877 128 ) __TB_empty -7.2 0 0 1 1
( -96 240 0 ) ( 0 0 0 ) ( 0 0 128 ) __TB_empty -16 0 0 1 1
}
// brush 10
{
( -160 208 0 ) ( -208 160 128 ) ( -208 160 0 ) __TB_empty -16 0 0 1 1
( -208 160 0 ) ( 0 0 128 ) ( 0 0 0 ) __TB_empty 0 0 0 1 1
( -80 0 -16 ) ( -79 0 -16 ) ( -80 1 -16 ) __TB_empty 0 16 0 1 1
( 0 96 0 ) ( 0 97 0 ) ( 1 96 0 ) __TB_empty 0 16 0 1 1
( -148.49999999999733 196.49999999999733 0 ) ( -196.49999999999733 148.49999999999733 0 ) ( -196.49999999999733 148.49999999999733 128 ) __TB_empty -4.5 0 0 1 1
( -160 208 0 ) ( 0 0 0 ) ( 0 0 128 ) __TB_empty -16 0 0 1 1
}
// brush 11
{
( -192 192 0 ) ( -256 64 128 ) ( -256 64 0 ) __TB_empty -16 0 0 1 1
( -240 96 0 ) ( 0 0 128 ) ( 0 0 0 ) __TB_empty 0 0 0 1 1
( -80 0 -16 ) ( -79 0 -16 ) ( -80 1 -16 ) __TB_empty 0 16 0 1 1
( 0 96 0 ) ( 0 97 0 ) ( 1 96 0 ) __TB_empty 0 16 0 1 1
( -208 160 0 ) ( 0 0 0 ) ( 0 0 128 ) __TB_empty -16 0 0 1 1
( -177.60000000000005 184.80000000000004 0 ) ( -241.60000000000005 56.800000000000018 0 ) ( -241.60000000000005 56.800000000000018 128 ) __TB_empty -8.8 0 0 1 1
}
// brush 12
{
( -256 32 0 ) ( -240 96 0 ) ( -240 96 128 ) __TB_empty -16 0 0 1 1
( -256 32 0 ) ( 0 0 128 ) ( 0 0 0 ) __TB_empty 0 0 0 1 1
( -80 0 -16 ) ( -79 0 -16 ) ( -80 1 -16 ) __TB_empty 0 16 0 1 1
( 0 96 0 ) ( 0 97 0 ) ( 1 96 0 ) __TB_empty 0 16 0 1 1
( -240 96 0 ) ( 0 0 0 ) ( 0 0 128 ) __TB_empty -16 0 0 1 1
( -240.47058823531063 28.117647058827661 0 ) ( -224.47058823531063 92.117647058827671 128 ) ( -224.47058823531063 92.117647058827671 0 ) __TB_empty -12.1176 0 0 1 1
}
// brush 13
{
( -256 0 -16 ) ( -256 1 -16 ) ( -256 0 -15 ) __TB_empty -16 0 0 1 1
( -80 0 -16 ) ( -80 0 -15 ) ( -79 0 -16 ) __TB_empty 0 0 0 1 1
( -80 0 -16 ) ( -79 0 -16 ) ( -80 1 -16 ) __TB_empty 0 16 0 1 1
( 0 96 0 ) ( 0 97 0 ) ( 1 96 0 ) __TB_empty 0 16 0 1 1
( -256 32 0 ) ( 0 0 0 ) ( 0 0 128 ) __TB_empty -16 0 0 1 1
( -240 0 -16 ) ( -240 0 -15 ) ( -240 1 -16 ) __TB_empty -16 0 0 1 1
}
}
